X1: 120
X2: 96


EuCallX1BS: 1.0226152225558849
EuPutX1BS: 18.05980466595578
EuCallX2BS: 9.222233623917731
EuPutX2BS: 2.8519851786376584


EuCallX1Trees: 1.022732918809888
EuPutX1Trees: 18.059922362207374
AmCallX1Trees: 1.0244412096645743
AmPutX1Trees: 20.0
EuCallX2Trees: 9.22338575588147
EuPutX2Trees: 2.853137310598421
AmCallX2Trees: 9.233737648527985
AmPutX2Trees: 2.994488767883997

EuCallX1MC: 1.0190916590859989
EuPutX1MC: 18.06684285179912
EuCallX2MC: 9.164929097652038
EuPutX2MC: 2.8198603254371504
